NETRASETU - REFERABLE DR THRESHOLD OPTIMIZATION (VALIDATION-ONLY)
Generated on: 2026-09-19 12:58:07

Methodology:
- Candidate Thresholds: 0.10 to 0.50 (step=0.01)
- Referable definition: Grade 2 (Moderate), 3 (Severe), 4 (Proliferative)
- Referable score:      P(Grade 2) + P(Grade 3) + P(Grade 4)
- Optimization Set:     Combined Validation Set ONLY (387 images)
- Selection Rule:       Sensitivity >= 90%, then Maximize Specificity, then Maximize F1

SELECTED OPTIMAL THRESHOLD:
- Locked Threshold (T_opt):      0.41
- Validation Sensitivity:        90.28% (>= 90% requirement met)
- Validation Specificity:        94.24%
- Validation Precision:          90.28%
- Validation Referable F1:       90.28%
- Validation Balanced Accuracy:  92.26%
- Validation Youden J Index:     0.8452

Validation Grid Search Sample:
 threshold  sensitivity  specificity  precision       f1  balanced_accuracy  youden_j
      0.10     0.965278     0.806584   0.747312 0.842424           0.885931  0.771862
      0.11     0.965278     0.814815   0.755435 0.847561           0.890046  0.780093
      0.12     0.958333     0.818930   0.758242 0.846626           0.888632  0.777263
      0.13     0.951389     0.827160   0.765363 0.848297           0.889275  0.778549
      0.14     0.951389     0.831276   0.769663 0.850932           0.891332  0.782665
      0.15     0.951389     0.839506   0.778409 0.856250           0.895448  0.790895
      0.16     0.951389     0.847737   0.787356 0.861635           0.899563  0.799126
      0.17     0.951389     0.855967   0.796512 0.867089           0.903678  0.807356
      0.18     0.951389     0.868313   0.810651 0.875399           0.909851  0.819702
      0.19     0.951389     0.868313   0.810651 0.875399           0.909851  0.819702
      0.20     0.951389     0.872428   0.815476 0.878205           0.911908  0.823817
      0.21     0.951389     0.880658   0.825301 0.883871           0.916024  0.832047
      0.22     0.951389     0.884774   0.830303 0.886731           0.918081  0.836163
      0.23     0.944444     0.893004   0.839506 0.888889           0.918724  0.837449
      0.24     0.937500     0.897119   0.843750 0.888158           0.917310  0.834619
      0.25     0.937500     0.901235   0.849057 0.891089           0.919367  0.838735
      0.26     0.923611     0.901235   0.847134 0.883721           0.912423  0.824846
      0.27     0.923611     0.901235   0.847134 0.883721           0.912423  0.824846
      0.28     0.916667     0.901235   0.846154 0.880000           0.908951  0.817901
      0.29     0.916667     0.905350   0.851613 0.882943           0.911008  0.822016
      0.30     0.916667     0.909465   0.857143 0.885906           0.913066  0.826132
      0.31     0.916667     0.913580   0.862745 0.888889           0.915123  0.830247
      0.32     0.916667     0.913580   0.862745 0.888889           0.915123  0.830247
      0.33     0.916667     0.913580   0.862745 0.888889           0.915123  0.830247
      0.34     0.916667     0.913580   0.862745 0.888889           0.915123  0.830247
      0.35     0.916667     0.917695   0.868421 0.891892           0.917181  0.834362
      0.36     0.902778     0.921811   0.872483 0.887372           0.912294  0.824588
      0.37     0.902778     0.925926   0.878378 0.890411           0.914352  0.828704
      0.38     0.902778     0.930041   0.884354 0.893471           0.916409  0.832819
      0.39     0.902778     0.934156   0.890411 0.896552           0.918467  0.836934
      0.40     0.902778     0.938272   0.896552 0.899654           0.920525  0.841049
      0.41     0.902778     0.942387   0.902778 0.902778           0.922582  0.845165
      0.42     0.902778     0.942387   0.902778 0.902778           0.922582  0.845165
      0.43     0.888889     0.942387   0.901408 0.895105           0.915638  0.831276
      0.44     0.888889     0.942387   0.901408 0.895105           0.915638  0.831276
      0.45     0.888889     0.946502   0.907801 0.898246           0.917695  0.835391
      0.46     0.875000     0.946502   0.906475 0.890459           0.910751  0.821502
      0.47     0.875000     0.946502   0.906475 0.890459           0.910751  0.821502
      0.48     0.875000     0.946502   0.906475 0.890459           0.910751  0.821502
      0.49     0.868056     0.946502   0.905797 0.886525           0.907279  0.814558
      0.50     0.861111     0.946502   0.905109 0.882562           0.903807  0.807613
