NETRASETU - REFERABLE DR THRESHOLD OPTIMIZATION V2 (VALIDATION-ONLY)
Generated on: 2026-09-19 15:33:21

Methodology:
- Candidate Thresholds: 0.10 to 0.50 (step=0.01)
- Referable definition: Grade 2 (Moderate), 3 (Severe), 4 (Proliferative)
- Referable score:      P(Grade 2) + P(Grade 3) + P(Grade 4)
- Optimization Set:     Combined V2 Validation Set ONLY (385 images)
- Selection Rule:       Sensitivity >= 90%, then Maximize Specificity, then Maximize F1, then Smallest Threshold

SELECTED OPTIMAL THRESHOLD (LOCKED):
- Locked Threshold (T_opt):      0.45
- Validation Sensitivity:        92.25% (>= 90% requirement met)
- Validation Specificity:        94.24%
- Validation Precision:          90.34%
- Validation Referable F1:       91.29%
- Validation Balanced Accuracy:  93.25%
- Validation Youden J Index:     0.8649

Validation Grid Search Sample:
 threshold  sensitivity  specificity  precision       f1  balanced_accuracy  youden_j
      0.10     1.000000     0.629630   0.612069 0.759358           0.814815  0.629630
      0.11     1.000000     0.654321   0.628319 0.771739           0.827160  0.654321
      0.12     1.000000     0.662551   0.633929 0.775956           0.831276  0.662551
      0.13     1.000000     0.695473   0.657407 0.793296           0.847737  0.695473
      0.14     1.000000     0.724280   0.679426 0.809117           0.862140  0.724280
      0.15     0.992958     0.736626   0.687805 0.812680           0.864792  0.729583
      0.16     0.992958     0.748971   0.698020 0.819767           0.870964  0.741929
      0.17     0.992958     0.769547   0.715736 0.831858           0.881253  0.762505
      0.18     0.992958     0.802469   0.746032 0.851964           0.897713  0.795427
      0.19     0.992958     0.814815   0.758065 0.859756           0.903886  0.807773
      0.20     0.992958     0.823045   0.766304 0.865031           0.908002  0.816003
      0.21     0.992958     0.835391   0.779006 0.873065           0.914174  0.828349
      0.22     0.985915     0.843621   0.786517 0.875000           0.914768  0.829537
      0.23     0.985915     0.843621   0.786517 0.875000           0.914768  0.829537
      0.24     0.985915     0.855967   0.800000 0.883281           0.920941  0.841883
      0.25     0.985915     0.868313   0.813953 0.891720           0.927114  0.854228
      0.26     0.985915     0.868313   0.813953 0.891720           0.927114  0.854228
      0.27     0.985915     0.868313   0.813953 0.891720           0.927114  0.854228
      0.28     0.978873     0.872428   0.817647 0.891026           0.925651  0.851301
      0.29     0.971831     0.872428   0.816568 0.887460           0.922129  0.844259
      0.30     0.971831     0.876543   0.821429 0.890323           0.924187  0.848374
      0.31     0.964789     0.880658   0.825301 0.889610           0.922724  0.845447
      0.32     0.957746     0.884774   0.829268 0.888889           0.921260  0.842520
      0.33     0.957746     0.888889   0.834356 0.891803           0.923318  0.846635
      0.34     0.957746     0.897119   0.844720 0.897690           0.927433  0.854866
      0.35     0.957746     0.897119   0.844720 0.897690           0.927433  0.854866
      0.36     0.943662     0.913580   0.864516 0.902357           0.928621  0.857242
      0.37     0.943662     0.913580   0.864516 0.902357           0.928621  0.857242
      0.38     0.936620     0.921811   0.875000 0.904762           0.929215  0.858430
      0.39     0.936620     0.925926   0.880795 0.907850           0.931273  0.862546
      0.40     0.936620     0.930041   0.886667 0.910959           0.933330  0.866661
      0.41     0.929577     0.934156   0.891892 0.910345           0.931867  0.863734
      0.42     0.929577     0.934156   0.891892 0.910345           0.931867  0.863734
      0.43     0.929577     0.938272   0.897959 0.913495           0.933925  0.867849
      0.44     0.929577     0.938272   0.897959 0.913495           0.933925  0.867849
      0.45     0.922535     0.942387   0.903448 0.912892           0.932461  0.864922
      0.46     0.908451     0.942387   0.902098 0.905263           0.925419  0.850838
      0.47     0.901408     0.942387   0.901408 0.901408           0.921898  0.843795
      0.48     0.901408     0.942387   0.901408 0.901408           0.921898  0.843795
      0.49     0.901408     0.942387   0.901408 0.901408           0.921898  0.843795
      0.50     0.894366     0.942387   0.900709 0.897527           0.918377  0.836753
